  1.9363404e-002  3.8001422e-001
 -5.9274374e-002 -1.0100702e-001
 -2.2440694e-001  3.7496737e-001
 -6.0743140e-001  5.7660728e-001
 -9.9493434e-002 -4.6137297e-001
  3.1385280e-001  7.0452446e-001
 -5.7604765e-001 -5.7412610e-002
 -6.3287298e-001 -4.3372957e-001
 -1.9612064e-001  3.0718389e-001
 -6.9955743e-001 -1.6037757e-001
 -4.6177444e-001  3.4147126e-002
 -4.2960232e-002 -5.8924492e-001
 -5.3261577e-001 -4.3938196e-001
  3.2675329e-001 -1.9263195e-001
  2.4257142e-001 -5.6526376e-001
 -1.0219438e-001  6.1206857e-001
 -8.0947671e-002  3.6536855e-002
  1.2497301e-002  5.7491513e-001
  4.2131809e-002 -4.0133447e-001
  1.0931702e-001  2.7155138e-001
 -2.0876690e-001 -5.3594554e-001
 -2.4528411e-001 -1.3672144e-001
 -4.9010060e-001  1.2277235e-001
 -6.2082228e-001 -5.6504451e-001
 -1.5999545e-001 -2.0310851e-001
  4.5655183e-001  3.5525710e-001
 -7.3337897e-001 -6.9388102e-001
 -4.0033017e-001  4.4175293e-001
  6.5077588e-001 -4.5857937e-001
 -4.0980372e-001 -3.4339977e-001
  4.2892046e-001  4.8005159e-001
 -1.3390676e-001 -2.7293463e-001
 -5.7091084e-001 -2.1230391e-001
  2.0155552e-001  3.0819769e-001
  5.4358228e-001  3.7863399e-001
 -5.1263451e-001  7.0154058e-001
  1.5177762e-001 -7.0754243e-001
 -5.7358903e-001  3.3435734e-001
  1.8914754e-001  5.4380435e-001
  5.0268701e-001  2.1962794e-001
  6.6061006e-001 -2.1319931e-001
 -1.2666401e-001  2.5927530e-001
 -3.4196216e-001  1.4000959e-001
  6.4200226e-001 -3.5883416e-001
  6.3197257e-001  5.7426376e-001
  6.3037385e-002  6.5105021e-001
  4.6932823e-001 -2.9918784e-001
 -5.0043252e-001 -4.5009316e-001
 -2.6942721e-001 -2.1573248e-001
  2.3682112e-001 -3.1574302e-001
 -7.4735566e-001  3.0708911e-001
  1.9342702e-001 -2.5328242e-001
  4.2792836e-001  8.2357454e-002
 -3.0797081e-001 -3.1827394e-001
  4.3452572e-001 -2.3005741e-001
 -4.2617036e-001  4.2515393e-001
 -1.4518037e-001 -4.3793670e-001
  4.5359334e-001  9.7808132e-002
  5.4322399e-001 -1.3871971e-001
 -5.3434476e-001 -4.6221299e-001
 -2.3241098e-001  8.6208245e-002
 -1.3135508e-001 -9.8031169e-002
  3.1519392e-001 -6.0986072e-001
 -5.3575200e-001 -4.2909836e-001
  1.1617981e-001  1.4383064e-001
 -3.6595944e-001 -6.3835594e-001
 -6.8036196e-001  6.5169189e-001
 -3.4350171e-001 -1.4458831e-002
  2.6682805e-001 -9.5696646e-003
 -4.2091032e-001 -3.3735304e-001
 -2.3975369e-001  1.0739736e-001
 -5.4028088e-001  5.2747584e-001
  4.9929552e-001  2.8651850e-001
  6.5981661e-001  5.1645640e-001
  3.7789753e-002 -4.1729411e-001
  6.3237600e-001  5.3788904e-001
 -6.5661891e-001 -1.9893251e-001
 -2.9406509e-001  4.1342244e-002
  1.4802985e-001  3.3910140e-001
 -5.6223586e-001 -7.2274222e-001
  5.0188421e-001 -1.2847826e-001
  6.6788294e-001  6.6583797e-001
  6.0850598e-001  7.3868449e-001
  1.5992837e-001 -4.2975166e-001
 -8.3959889e-002 -3.3619759e-001
  3.8615248e-001  2.7155239e-002
 -4.3534533e-001  3.9810240e-001
  1.5109522e-001 -5.9299123e-001
 -4.2663599e-002 -4.0359878e-001
 -4.7108983e-002 -2.8468960e-001
  2.3932952e-001  2.2194540e-001
 -5.8871584e-001 -2.6364871e-001
 -5.4705730e-001 -1.4393919e-001
  6.0802520e-001  3.1401753e-001
 -4.2038310e-001  6.9258526e-001
 -3.7871494e-001  2.8044719e-001
 -5.6193182e-001  4.7584311e-001
 -3.8809930e-001 -5.0483859e-001
  7.1513074e-001  6.7783078e-001
 -2.9771048e-001 -1.9808237e-001
